run number, time (ms), average time so far (ms)
-----------------------------------------------

1           269        269
2           257        263
3           227        251
4           250        250
5           276        255
6           235        252
7           263        253
8           282        257
9           357        268
10          375        279
11          576        306
12          486        321
13          875        363
14          635        383
15          889        416
16          997        453
17          1062       488
18          1866       565
19          2185       650
20          1655       700
21          2053       765
22          2662       851
23          2818       936
24          1939       978
25          2043       1021
26          2499       1078
27          2216       1120
28          2953       1185
29          3998       1282
30          3370       1352
31          2825       1399
32          2780       1442
33          4002       1520
34          4680       1613
35          3074       1655
36          3975       1719
37          4171       1785
38          6874       1919
39          7704       2068
40          13437      2352
41          13496      2624
42          9516       2788
43          15392      3081
44          13418      3316
45          11956      3508
46          12384      3701
47          14280      3926
48          15485      4167
49          19786      4485
50          18879      4773
51          17506      5023
52          31112      5525
53          23105      5856
54          20998      6137
55          30910      6587
56          27603      6962
57          24528      7270
58          15464      7412
59          8710       7434
60          6743       7422
61          6842       7413
62          7750       7418
63          8689       7438
64          14211      7544
65          10921      7596
66          11598      7657
67          16613      7790
68          18216      7944
69          23398      8168
70          28472      8458
71          27497      8726
72          26064      8967
73          23663      9168
74          27504      9416
75          27237      9653
76          29283      9912
77          30665      10181
78          35941      10511
79          42739      10919
80          32320      11187
81          18241      11274
82          22826      11415
83          22924      11553
84          27411      11742
85          28171      11935
86          25006      12087
87          24646      12232
88          23972      12365
89          27851      12539
90          26813      12698
91          27203      12857
92          23168      12969
93          23174      13079
94          22395      13178
95          17714      13226
96          26007      13359
97          22094      13449
98          20256      13518
99          15485      13538
100         17298      13576
101         17288      13613
102         16703      13643
103         17074      13676
104         17095      13709
105         17237      13743
106         14458      13749
107         12374      13737
108         17705      13773
109         17789      13810
110         20103      13867
111         19409      13917
112         18986      13963
113         14538      13968
114         14363      13971
115         13584      13968
116         13457      13963
117         11563      13943
118         10434      13913
119         10733      13886
120         10769      13860
121         10287      13831
122         9680       13797
123         9815       13764
124         10188      13736
125         10042      13706
126         10602      13681
127         10086      13653
128         9944       13624
129         10708      13601
130         10224      13575
131         9148       13542
132         8790       13506
133         8467       13468
134         8334       13429
135         7607       13386
136         7937       13346
137         7016       13300
138         6258       13249
139         6153       13198
140         6262       13148
141         6953       13104
142         6361       13057
143         6508       13011
144         7638       12974
145         8467       12943
146         7217       12904
147         6867       12862
148         6417       12819
149         6519       12777
150         5453       12728
151         5827       12682
152         5174       12633
153         5498       12586
154         5537       12540
155         6457       12501
156         6157       12460
157         5562       12416
158         6558       12379
159         6558       12343
160         5913       12303
161         6309       12265
162         6043       12227
163         5956       12188
164         5943       12150
165         5876       12112
166         5465       12072
167         6375       12038
168         5964       12002
169         6069       11967
170         5011       11926
171         4601       11883
172         4506       11840
173         5178       11802
174         5419       11765
175         4890       11726
176         5299       11689
177         5024       11652
178         4492       11611
179         4496       11572
180         4064       11530
181         3278       11484
182         3311       11439
183         3259       11395
184         3217       11350
185         3226       11306
186         2998       11262
187         3345       11219
188         3979       11181
189         4007       11143
190         3645       11103
191         3152       11062
192         3123       11020
193         2925       10978
194         2391       10934
195         2064       10889
196         2046       10844
197         2048       10799
198         2191       10755
199         2165       10712
200         2381       10671
201         2089       10628
202         2409       10587
203         2332       10547
204         2213       10506
205         1942       10464
206         2187       10424
207         2181       10384
208         2131       10344
209         2333       10306
210         2370       10268
211         2404       10231
212         2419       10194
213         2756       10159
214         2801       10125
215         2527       10089
216         2848       10056
217         2653       10022
218         2719       9988
219         2171       9952
220         2054       9917
221         2465       9883
222         2005       9847
223         2076       9813
224         1961       9777
225         1635       9741
226         1586       9705
227         1517       9669
228         1559       9634
229         1605       9598
230         1607       9564
231         1609       9529
232         1534       9495
233         1576       9461
234         1664       9428
235         1562       9394
236         1448       9360
237         1470       9327
238         1586       9295
239         1440       9262
240         1399       9229
241         1372       9196
242         1383       9164
243         1766       9134
244         1503       9102
245         1370       9071
246         1367       9039
247         1365       9008
248         1334       8977
249         1335       8947
250         1299       8916
251         1250       8886
252         1309       8856
253         1291       8826
254         1234       8796
255         1230       8766
256         1270       8737
257         1238       8708
258         1273       8679
259         1278       8650
260         1272       8622
261         1229       8593
262         1229       8565
263         1282       8538
264         1262       8510
265         1242       8483
266         1383       8456
267         1650       8431
268         1277       8404
269         1207       8377
270         1221       8351
271         1604       8326
272         1322       8300
273         1236       8274
274         1230       8248
275         1257       8223
276         1235       8198
277         1241       8172
278         1265       8148
279         1232       8123
280         1266       8098
281         1261       8074
282         1256       8050
283         1254       8026
284         1243       8002
285         1251       7978
286         1239       7955
287         1598       7933
288         1281       7909
289         1925       7889
290         1335       7866
291         1273       7843
292         1265       7821
293         1291       7799
294         1340       7777
295         1316       7755
296         1314       7733
297         1330       7711
298         1381       7690
299         1343       7669
300         1354       7648
301         1468       7627
302         1350       7607
303         1383       7586
304         1342       7566
305         1884       7547
306         1485       7527
