run number, time (ms), average time so far (ms)
-----------------------------------------------

1           358        358
2           351        354
3           237        315
4           300        311
5           419        333
6           219        314
7           274        308
8           271        303
9           264        299
10          207        290
11          232        284
12          239        280
13          226        276
14          276        276
15          293        277
16          327        280
17          326        283
18          445        292
19          518        304
20          530        315
21          799        338
22          1211       378
23          1035       406
24          1786       464
25          1953       523
26          1780       572
27          2195       632
28          1640       668
29          2608       735
30          3713       834
31          5141       973
32          4709       1090
33          5469       1222
34          4749       1326
35          7895       1514
36          11051      1779
37          10005      2001
38          9167       2189
39          9501       2377
40          7773       2512
41          8137       2649
42          9294       2807
43          6703       2898
44          10325      3067
45          8515       3188
46          8544       3304
47          8075       3406
48          4256       3423
49          6417       3484
50          10815      3631
51          12093      3797
52          10172      3919
53          7399       3985
54          10370      4103
55          11462      4237
56          15082      4431
57          13343      4587
58          14451      4757
59          22563      5059
60          24347      5380
61          25256      5706
62          23715      5997
63          13089      6109
64          28565      6460
65          21956      6699
66          28453      7028
67          33853      7428
68          27545      7724
69          35135      8122
70          29434      8426
